Результати розкладу функції у ряд Фур’є
f(x) = 11 * sin(11 * pi * x)
Інтервал: [0, pi]
l = pi/2
Аргумент гармонік: 2*k*x

Порядок N = 100

Коефіцієнти Фур’є:
k		ak			bk
0		0.239061264251		---
1		0.239864681555		0.011575647950
2		0.242307664164		0.023387088069
3		0.246491795296		0.035686399013
4		0.252598356184		0.048760653300
5		0.260908863303		0.062956103607
6		0.271839874591		0.078712447370
7		0.286000724183		0.096614915238
8		0.304290682239		0.117478297825
9		0.328068250769		0.142490436482
10		0.359461466894		0.173472783302
11		0.401976001201		0.213388895301
12		0.461795587341		0.267429941388
13		0.550907101179		0.345621481240
14		0.695945513807		0.470199626372
15		0.970328949570		0.702407681083
16		1.677174692583		1.295022421263
17		7.469291582885		6.127838901139
18		-2.805052413670		-2.436646288344
19		-1.142984587440		-1.048028226217
20		-0.703567827839		-0.679070668638
21		-0.501058867148		-0.507793399302
22		-0.384875668742		-0.408622373154
23		-0.309719144791		-0.343775475774
24		-0.257251708805		-0.297953515770
25		-0.218637687092		-0.263781320166
26		-0.189095534483		-0.237264971114
27		-0.165812476855		-0.216052837902
28		-0.147026216326		-0.198669782654
29		-0.131576719018		-0.184143356457
30		-0.118669415269		-0.171806290705
31		-0.107741956903		-0.161185346629
32		-0.098385288550		-0.151935460461
33		-0.090294848268		-0.143799016849
34		-0.083239283660		-0.136579731786
35		-0.077039764122		-0.130125374715
36		-0.071555926742		-0.124316025222
37		-0.066676100825		-0.119055900182
38		-0.062310365334		-0.114267545465
39		-0.058385525997		-0.109887630427
40		-0.054841420450		-0.105863851588
41		-0.051628159330		-0.102152618331
42		-0.048704038136		-0.098717299328
43		-0.046033937187		-0.095526877193
44		-0.043588081699		-0.092554904515
45		-0.041341070952		-0.089778685241
46		-0.039271110893		-0.087178626562
47		-0.037359402190		-0.084737721184
48		-0.035589648270		-0.082441130333
49		-0.033947656799		-0.080275845296
50		-0.032421014599		-0.078230410739
51		-0.030998820700		-0.076294697000
52		-0.029671465786		-0.074459711510
53		-0.028430448927		-0.072717441697
54		-0.027268224447		-0.071060723391
55		-0.026178073336		-0.069483130007
56		-0.025153994742		-0.067978878776
57		-0.024190613991		-0.066542751015
58		-0.023283104284		-0.065170024054
59		-0.022427119764		-0.063856412847
60		-0.021618738075		-0.062598019718
61		-0.020854410902		-0.061391290923
62		-0.020130921205		-0.060232978975
63		-0.019445346155		-0.059120109863
64		-0.018795024871		-0.058049954423
65		-0.018177530283		-0.057020003265
66		-0.017590644501		-0.056027944751
67		-0.017032337205		-0.055071645583
68		-0.016500746628		-0.054149133669
69		-0.015994162780		-0.053258582930
70		-0.015511012621		-0.052398299826
71		-0.015049846909		-0.051566711348
72		-0.014609328524		-0.050762354313
73		-0.014188222069		-0.049983865791
74		-0.013785384596		-0.049229974523
75		-0.013399757314		-0.048499493217
76		-0.013030358159		-0.047791311619
77		-0.012676275136		-0.047104390257
78		-0.012336660322		-0.046437754804
79		-0.012010724475		-0.045790490967
80		-0.011697732166		-0.045161739860
81		-0.011396997383		-0.044550693799
82		-0.011107879551		-0.043956592486
83		-0.010829779927		-0.043378719525
84		-0.010562138328		-0.042816399245
85		-0.010304430150		-0.042268993806
86		-0.010056163670		-0.041735900541
87		-0.009816877569		-0.041216549528
88		-0.009586138681		-0.040710401361
89		-0.009363539939		-0.040216945100
90		-0.009148698488		-0.039735696392
91		-0.008941253960		-0.039266195731
92		-0.008740866892		-0.038808006868
93		-0.008547217275		-0.038360715327
94		-0.008360003216		-0.037923927048
95		-0.008178939713		-0.037497267126
96		-0.008003757519		-0.037080378640
97		-0.007834202103		-0.036672921574
98		-0.007670032684		-0.036274571809
99		-0.007511021343		-0.035885020198
100		-0.007356952199		-0.035503971692

Відносна похибка: 3.563351666300%
